10 10 10 10 10 10 10 
10 10 10 10 10 10 10 10 
10 10 10 31 15 31 20 15 
20 15 15 20 20 20 15 15 
11 42 15 42 15 15 20 20 
20 15 20 15 4 3 10 10 
10 10 10 10 10 10 10 10 
10 10 10 10 10 14 14 42 
36 29 21 21 35 36 31 10 
10 10 10 C 10 10 10 10 10 
10 10 10 10 10 10 10 10 
10 13 33 10 10 10 31 34 
36 36 36 36 15 4 3 10 
10 10 10 10 10 10 10 10 
10 10 10 10 14 39 30 36 
21 21 21 21 21 21 36 21 
14 36 21 10 10 10 10 10 
10 10 10 10 10 10 10 10 
10 10 10 10 23 21 14 42 
32 10 10 10 10 32 4 3 
10 10 10 10 10 10 10 10 
10 10 10 10 39 32 34 21 
21 21 21 21 21 21 17 23 
36 21 21 21 10 10 10 10 
10 10 10 10 10 10 10 10 
10 10 10 14 30 34 38 4 
3 N 10 10 10 10 G 10 10 10 
10 10 10 14 13 31 29 21 
21 21 21 21 21 21 21 21 
21 29 21 25 31 15 10 10 
10 10 10 10 10 10 10 10 
10 10 10 15 34 10 10 13 
33 10 10 10 34 30 14 14 
14 35 4 3 10 10 10 10 
10 10 10 10 14 36 21 21 
21 21 21 21 34 21 21 21 
21 34 32 14 21 21 21 21 
32 10 10 10 10 10 10 10 
10 10 10 10 10 10 10 10 
10 10 10 10 30 33 21 42 
4 3 10 10 10 10 10 10 
10 34 21 21 21 21 21 21 
42 31 29 21 21 21 10 10 
34 21 21 21 21 32 10 10 
10 10 10 10 10 10 10 10 
10 10 10 10 10 10 10 10 
10 10 10 10 13 20 31 31 
15 4 3 10 10 10 10 10 
14 29 21 21 21 21 21 21 
32 29 21 21 21 21 32 36 
29 21 21 21 21 38 34 10 
10 10 10 10 10 10 10 10 
10 10 10 10 10 10 10 10 
10 10 10 10 10 10 10 10 
10 13 42 30 20 33 31 15 
4 3 10 10 10 10 34 21 
21 21 21 21 21 21 21 21 
21 21 21 25 21 21 21 21 
21 21 21 29 29 21 10 10 
10 10 10 10 10 10 10 10 
10 10 10 10 31 15 10 10 
10 10 10 10 10 10 10 10 
10 10 10 10 13 42 42 20 
33 15 4 3 10 10 10 14 
29 21 21 21 21 21 21 21 
21 21 21 21 34 14 21 21 
21 21 21 21 21 21 21 21 
30 10 10 10 10 10 10 10 
10 10 10 10 10 14 29 21 
21 10 10 10 10 10 10 10 
10 10 10 10 10 10 10 10 
10 10 10 10 13 42 20 33 
15 4 3 10 10 10 21 21 
21 21 21 21 21 21 21 21 
21 30 36 A 21 21 21 21 21 
21 21 21 21 21 21 10 35 
10 10 10 10 T 10 10 10 10 
10 10 14 29 21 21 26 10 
10 10 10 34 36 15 10 10 
10 10 10 10 10 10 10 10 
10 10 10 10 10 10 10 13 
30 33 15 4 3 10 10 21 
21 21 21 21 21 21 21 21 
21 21 21 21 21 21 21 21 
21 21 21 21 21 10 21 21 
30 31 10 10 10 10 10 10 
10 10 10 10 10 29 21 21 
34 10 10 10 10 29 21 21 
30 10 10 10 10 10 10 10 
10 10 10 10 10 10 10 10 
10 10 10 10 13 33 4 3 
10 36 21 21 21 21 21 21 
21 21 21 21 21 21 21 21 
21 21 21 21 21 21 21 30 
29 21 21 32 15 10 10 10 
10 10 10 10 10 10 10 10 
28 14 32 10 10 10 10 29 
21 21 21 10 10 10 10 10 
10 10 10 10 10 10 10 10 
10 10 10 10 10 10 10 10 
10 30 15 4 3 10 21 21 
21 21 21 21 21 21 21 21 
21 21 21 21 21 21 21 21 
21 21 21 21 21 32 14 11 
15 10 10 10 10 10 10 10 
10 10 10 10 10 10 10 10 
10 10 31 21 21 34 10 10 
10 10 10 10 10 10 10 10 
10 10 10 10 10 10 10 10 
10 10 10 10 10 10 10 10 
30 4 3 41 21 21 21 21 
21 21 21 21 21 21 21 21 
21 21 21 21 21 21 21 21 
21 21 21 21 11 15 10 10 
10 10 10 10 10 10 10 10 
10 10 10 10 10 10 10 10 
10 42 32 10 10 10 10 10 
10 10 10 10 10 10 10 10 
10 10 10 10 10 10 10 10 
10 10 10 10 10 10 10 13 
4 3 41 21 21 21 21 21 
21 21 21 21 21 21 21 21 
21 21 21 21 21 21 21 21 
21 34 10 15 10 10 10 10 
10 10 10 10 10 10 10 10 
10 10 10 10 10 10 10 10 
10 10 10 10 10 10 10 10 
10 10 10 10 10 10 10 10 
10 10 10 10 10 10 10 10 
10 10 10 10 10 10 31 4 
3 41 21 21 21 21 21 21 
21 21 21 21 21 21 21 21 
21 21 21 21 21 21 21 32 
14 15 10 10 10 10 10 10 
10 10 10 10 10 10 10 10 
10 10 10 10 10 10 10 10 
10 10 10 10 10 10 10 10 
10 10 10 10 10 10 10 10 
10 10 10 10 10 10 10 10 
10 10 10 10 10 30 4 3 
41 21 21 21 21 21 21 21 
21 21 21 21 21 21 21 21 
21 21 21 21 34 14 20 32 
10 10 10 10 10 10 10 10 
10 10 10 10 10 10 10 10 
10 10 10 10 10 10 10 10 
10 10 10 10 10 10 10 10 
10 10 10 10 14 36 36 36 
36 36 31 15 10 10 10 10 
10 10 10 10 31 4 3 10 
21 21 21 21 21 21 21 21 
21 21 21 21 21 21 21 21 
21 21 21 32 39 32 10 10 
10 10 10 10 10 10 10 10 
10 10 10 10 10 10 10 10 
10 10 10 10 10 10 10 10 
10 10 10 10 10 10 10 10 
10 10 21 21 25 42 14 21 
21 21 35 10 10 10 10 10 
10 10 10 31 4 3 10 21 
21 21 21 21 21 21 21 21 
21 21 21 21 21 21 21 34 
14 15 10 10 10 10 10 10 
10 10 10 10 10 10 10 10 
10 10 10 10 10 10 10 10 
10 10 10 10 10 10 10 10 
10 10 10 10 10 10 10 10 
10 28 21 21 21 21 21 21 
21 11 10 10 10 10 10 10 
10 10 31 4 3 10 41 21 
21 21 21 21 21 21 21 21 
21 21 21 21 21 32 39 32 
10 10 10 10 10 10 10 10 
10 10 10 10 10 15 39 10 
10 10 10 10 10 10 10 10 
10 10 10 10 10 10 10 10 
10 10 10 10 10 10 10 10 
10 13 14 14 14 14 14 32 
10 10 10 10 10 10 10 10 
10 31 4 3 10 10 21 21 
21 21 21 21 21 21 21 21 
21 21 32 14 15 10 10 10 
10 10 10 10 10 10 10 10 
10 10 10 10 10 38 10 10 
10 10 10 10 10 10 10 10 
10 10 10 10 10 10 10 10 
10 10 10 10 10 10 10 10 
10 10 10 10 10 10 10 10 
10 10 10 10 10 10 10 10 
31 4 3 10 10 14 14 21 
21 21 21 21 14 14 34 28 
25 20 42 30 15 10 10 10 
10 10 10 10 10 10 10 10 
10 10 10 10 10 13 35 10 
10 10 10 10 10 10 10 10 
10 10 10 10 10 10 10 10 
10 10 10 10 10 10 10 10 
10 10 10 10 10 10 10 10 
10 10 10 10 10 10 15 4 
3 10 10 10 30 20 20 20 
20 20 20 15 42 32 10 10 
10 10 13 30 31 10 10 10 
10 10 10 10 10 10 10 10 
10 10 10 10 13 33 15 10 
10 10 10 10 10 10 10 10 
10 10 10 10 10 10 10 10 
10 10 10 10 10 10 10 10 
10 10 10 10 10 10 10 10 
10 10 35 32 4 3 10 10 
10 10 10 10 10 10 10 10 
10 10 10 10 10 10 10 10 
10 10 30 33 10 10 10 10 
10 10 10 10 10 10 10 10 
10 10 10 13 30 33 31 10 
10 10 10 10 10 10 10 10 
10 10 10 10 10 10 10 10 
10 10 10 10 10 10 10 10 
10 10 10 10 10 14 11 4 
3 10 10 10 10 10 10 10 
10 10 10 10 10 10 10 10 
10 10 10 10 10 10 10 30 
15 10 10 10 10 10 10 10 
10 10 10 10 10 10 10 10 
10 10 42 42 30 20 33 31 
10 10 10 10 10 10 10 10 
10 10 10 10 10 10 10 10 
10 10 10 10 30 20 14 11 
4 3 10 10 10 10 10 10 
10 10 10 10 10 10 10 10 
10 10 10 10 10 10 10 10 
10 13 33 10 10 10 10 10 
10 10 10 10 10 10 10 10 
10 10 10 10 10 10 10 10 
10 42 42 20 20 33 31 31 
10 10 10 10 10 10 10 10 
10 31 31 20 32 4 3 10 
10 10 10 10 10 10 10 10 
10 10 10 10 10 10 10 10 
10 10 10 10 10 10 10 10 
38 10 10 10 10 10 10 10 
10 10 10 10 10 10 10 10 
31 31 31 15 14 31 31 31 
31 31 31 29 42 30 20 20 
20 20 15 42 42 42 4 3 
10 10 10 10 10 10 10 10 
10 10 10 10 10 10 10 10 
10 10 10 10 10 10 10 10 
10 10 38 10 10 10 10 10 
10 10 10 10 10 10 10 39 
42 4 3 10 10 10 10 10 
10 10 10 10 10 10 10 10 
10 10 10 10 10 10 10 10 
10 10 10 10 10 11 15 10 
10 10 10 10 10 10 10 10 
14 15 4 3 10 10 10 10 
10 10 10 10 10 10 10 10 
10 10 10 10 10 10 10 10 
10 10 14 36 21 21 21 29 
36 36 36 36 36 36 36 36 
21 21 21 21 38 4 3 10 
10 10 10 10 10 10 10 10 
10 10 10 10 10 10 10 10 
10 10 10 10 10 31 21 21 
21 21 21 21 21 21 21 21 
21 21 21 21 21 21 21 21 
4 3 10 10 10 10 10 10 
10 10 10 10 10 10 10 10 
10 10 10 10 10 10 10 10 
10 42 28 14 21 21 21 21 
21 21 21 21 21 21 14 14 
14 42 4 3 10 10 10 10 
10 10 10 10 10 10 10 10 
10 10 10 10 10 10 10 10 
10 10 10 10 10 10 10 30 
10 10 10 10 10 10 10 11 
15 4 3 10 10 10 10 10 
10 10 10 10 10 10 10 10 
10 10 10 10 10 10 21 21 
21 21 21 21 21 21 15 10 
10 10 10 10 10 10 34 29 
21 21 21 21 21 21 4 3 
10 10 10 10 10 10 10 10 
10 10 10 10 10 10 10 10 
10 10 10 21 21 21 21 21 
21 21 21 38 10 10 10 10 
10 10 14 29 21 21 21 21 
21 21 21 4 3 10 10 10 
10 10 10 10 10 10 10 10 
10 10 10 10 10 10 10 10 
21 21 21 21 21 21 21 21 
21 29 A 15 10 10 10 34 21 
21 21 21 21 21 21 21 26 
4 3 10 10 10 10 10 10 
10 10 10 10 10 10 10 10 
10 10 10 10 10 11 21 21 
21 21 21 21 21 21 21 21 
38 14 29 21 21 21 21 21 
21 21 21 21 30 4 3 10 
10 10 10 10 10 10 10 10 
10 10 10 10 10 10 10 10 
10 10 10 21 21 21 21 21 
21 21 21 21 21 21 21 21 
21 21 21 21 21 21 21 21 
30 4 3 10 10 10 10 10 
10 10 10 10 10 10 10 10 
10 10 10 10 10 10 10 21 
21 21 21 21 21 21 21 21 
21 21 21 21 21 21 21 21 
21 I 21 21 21 30 10 10 N 10 
