22 22 22 22 22 22 22
22 22 22 22 22 22 22 22
22 22 22 64 30 64 41 30
41 30 30 42 42 41 30 30
23 84 30 84 30 30 41 40
41 30 42 31 9 7 22 22
22 22 22 22 22 22 22 22
22 22 22 22 22 30 30 84
73 58 43 43 70 73 64 22
22 22 22 22 22 22 22 22
22 22 22 22 22 22 22 22
22 26 66 22 22 22 64 69
73 73 73 73 31 9 7 22
22 22 22 22 22 22 22 22
22 22 22 22 30 79 62 73
43 43 43 43 43 43 73 44
30 73 43 22 22 22 22 22
22 22 22 22 22 22 22 22
22 22 22 22 48 44 28 84
64 22 22 22 22 O 64 9 7
22 22 22 22 22 22 22 22
22 22 22 22 79 64 69 43
43 43 43 43 43 43 36 48
73 43 43 44 22 22 22 22
22 22 22 22 22 22 22 22
22 22 22 30 60 68 78 9
7 22 22 22 22 22 22 22
22 22 22 30 27 64 58 43
43 43 43 43 43 43 43 43
44 60 43 50 64 31 22 22
22 22 22 22 22 22 22 22
22 22 22 30 68 22 22 26
66 22 22 22 69 60 28 28
28 70 9 7 22 22 22 22
22 22 22 22 30 73 43 43
43 43 43 44 68 43 43 43
43 68 64 30 43 43 43 43
64 22 22 22 22 22 22 22
22 22 R 22 22 22 22 22 22
22 22 22 22 62 68 44 84
9 7 22 22 22 22 22 22
22 69 43 43 43 43 43 43
84 64 58 43 43 44 22 22
69 43 43 43 43 64 22 22
22 22 22 22 22 22 22 22
22 22 22 22 22 22 22 22
22 22 22 22 26 41 64 64
31 9 7 22 22 22 22 22
30 58 43 43 43 43 43 43
66 58 43 43 43 43 66 73
58 43 43 43 43 78 69 22
22 22 22 22 22 22 22 22
22 22 22 22 22 22 22 22
22 22 22 22 22 22 22 22
22 26 84 62 41 66 64 31
9 7 22 22 22 22 69 43
43 43 43 43 43 43 43 43
43 43 44 52 43 43 43 43
43 43 43 58 58 43 22 22
22 22 22 22 22 22 22 22
22 22 22 22 64 31 22 22
22 22 22 22 22 22 22 22
22 22 22 22 26 84 84 41
66 31 9 7 22 22 22 30
58 43 43 43 43 43 43 43
43 43 43 43 68 30 43 43
43 43 43 43 43 43 43 43
61 22 22 22 22 22 22 22
22 22 22 22 22 30 58 43
43 22 22 22 22 22 22 22
22 22 22 22 22 22 22 22
22 22 22 22 26 84 41 66
31 9 7 22 22 22 43 43
43 43 43 43 43 43 43 43
44 62 73 43 43 43 43 43
43 43 44 43 43 43 22 70
22 22 22 22 22 22 22 22
22 22 30 58 43 43 54 22
22 22 22 69 73 31 22 22
22 22 22 22 22 22 22 22
22 22 22 22 22 22 22 26
62 66 31 9 7 22 22 43
43 43 43 43 43 43 43 43
43 43 43 43 43 43 43 43
43 43 43 43 43 22 43 43
61 62 22 22 22 22 22 22
22 22 22 22 22 58 43 43
68 22 22 22 22 58 43 43
61 22 22 22 22 22 22 22
22 22 22 22 22 22 22 22
22 22 22 22 26 66 9 7
22 74 43 43 43 43 43 43
43 43 43 43 43 43 43 43
43 43 43 43 43 43 43 62
58 43 44 64 32 22 22 22
22 22 22 22 22 22 22 22
58 28 64 22 22 22 22 58
43 43 44 22 22 22 22 22
22 22 22 22 22 22 22 22
22 22 22 22 22 22 22 22
22 62 31 9 7 22 43 43
43 43 43 43 43 43 43 43
43 43 43 43 43 43 43 43
43 43 43 43 43 64 30 22
32 22 22 22 22 22 22 22
22 22 22 22 22 22 22 22
22 22 62 43 43 68 22 22
22 22 22 22 22 22 22 22
22 22 22 22 22 22 22 22
22 22 22 22 22 22 22 22
62 9 7 82 43 43 43 43
43 43 43 43 43 43 43 43
43 43 43 43 43 43 43 43
43 43 43 43 22 32 22 22
22 22 22 22 22 22 22 22
22 22 22 22 22 22 22 22
22 84 64 22 22 22 22 22
22 22 22 22 22 22 22 22
22 22 22 22 22 22 22 22
22 22 22 22 22 22 22 28
9 7 82 43 43 43 43 43
43 43 43 43 43 43 43 43
43 43 43 43 43 43 43 43
43 68 22 32 22 22 22 22
22 22 22 22 22 22 22 22
22 22 22 22 22 22 22 22
22 22 22 22 22 22 22 22
22 22 22 22 22 22 22 22
22 22 22 22 22 22 22 22
22 22 22 22 22 22 62 9
7 82 43 43 43 43 43 43
43 43 43 43 43 43 43 43
43 43 43 43 43 43 44 64
30 32 22 22 22 22 22 22
22 22 22 22 22 22 22 22
22 22 22 22 22 22 22 22
22 22 22 22 22 22 22 22
22 22 22 22 22 22 22 22
22 22 22 22 22 22 22 22
22 22 22 22 22 61 9 7
82 43 43 43 43 43 43 43
43 43 43 43 43 43 43 43
43 43 43 43 68 30 41 64
22 22 22 22 22 22 22 22
22 22 22 22 22 22 22 22
22 22 22 22 22 22 22 22
22 22 22 22 22 22 22 22
22 22 22 22 30 73 73 73
73 73 64 31 22 22 22 22
22 22 22 22 62 9 7 22
43 43 43 43 43 43 43 43
43 43 43 43 43 43 43 43
43 43 44 64 79 64 22 22
22 22 22 22 22 22 22 22
22 22 22 22 22 22 22 22
22 22 22 22 22 22 22 22
22 22 22 22 22 22 22 22
22 22 43 43 50 84 28 43
43 43 70 22 22 22 22 22
22 22 22 62 9 7 22 43
43 43 43 43 43 43 43 43
43 43 43 43 43 43 43 68
30 32 22 22 22 22 22 22
22 22 22 22 22 22 22 22
22 22 22 22 22 22 22 22
22 22 22 22 22 22 22 22
22 22 22 22 22 22 22 22
22 58 43 43 43 43 43 43
43 22 22 22 22 22 22 22
22 22 62 9 7 22 82 43
43 43 43 43 43 43 43 43
43 43 43 43 44 64 79 64
22 22 22 22 22 22 22 22
22 22 22 22 22 30 79 22
22 22 22 22 22 22 22 22
22 22 22 22 22 22 22 22
22 22 22 22 22 22 22 22
22 26 28 28 28 28 28 64
22 22 22 22 22 22 22 22
22 62 9 7 22 22 43 43
43 43 43 43 43 43 43 43
43 44 64 30 32 22 22 22
22 22 22 22 22 22 22 22
22 22 22 22 22 78 22 22
22 22 22 22 22 22 22 22
22 22 22 22 22 22 22 22
22 22 22 22 22 22 22 22
22 22 22 22 22 22 22 22
22 22 22 22 22 22 22 22
62 9 7 22 22 28 28 43
43 43 43 43 28 28 68 56
51 41 84 62 31 22 22 22
22 22 22 22 22 22 22 22
22 22 22 22 22 26 70 22
22 22 22 22 22 22 22 22
22 22 22 22 22 22 22 22
22 22 22 22 22 22 22 22
22 22 22 22 22 22 22 22
22 22 22 22 22 22 32 9
7 22 22 22 62 41 41 41
41 41 41 32 84 64 22 22
22 22 26 62 64 22 22 22
22 22 22 22 22 22 22 22
22 22 22 22 26 66 31 22
22 22 22 22 22 22 22 22
22 22 22 22 22 22 22 22
22 22 22 22 22 22 22 22
22 22 22 22 22 22 22 22
22 22 70 64 9 7 22 22
22 22 22 22 22 22 22 22
22 22 22 22 22 22 22 22
22 22 62 66 22 22 22 22
22 22 22 22 22 22 22 22
22 22 22 26 62 66 64 22
22 22 22 22 22 22 22 22
22 22 22 22 22 22 22 22
22 22 22 22 22 22 22 22
22 22 22 22 22 30 22 9
7 22 22 22 22 22 22 22
22 22 22 22 22 22 22 22
22 22 22 22 22 22 22 62
31 22 22 22 22 22 22 22
22 22 22 22 22 22 22 22
22 22 84 84 62 41 66 64
22 22 22 22 22 22 22 22
22 22 22 22 22 22 22 22
22 22 22 22 62 41 30 22
9 7 22 22 22 22 22 22
22 22 22 22 22 22 22 22
22 22 22 22 22 22 22 22
22 26 66 22 22 22 22 22
22 22 22 22 22 22 22 22
22 22 22 22 22 22 22 22
22 84 84 41 41 66 64 64
22 22 22 22 22 22 22 22
22 64 64 41 64 9 7 22
22 22 22 22 22 22 22 22
22 22 22 22 22 22 22 22
22 22 22 22 22 22 22 22
78 22 22 22 22 22 22 22
22 22 22 22 22 22 22 22
64 64 64 31 30 64 64 64
64 64 64 59 84 62 41 41
41 41 32 84 84 84 9 7
22 22 22 22 22 22 22 22
22 22 22 22 22 22 22 22
22 22 22 22 22 22 22 22
22 22 78 22 22 22 22 22
22 22 22 22 22 22 22 79
84 9 7 22 22 22 22 22
22 22 22 22 22 22 22 22
22 22 22 22 22 22 22 22
22 22 22 22 22 22 31 22
22 22 22 22 22 22 22 22
30 32 9 7 22 22 22 22
22 22 22 22 22 22 22 22
22 22 22 22 22 22 22 22
22 22 30 73 43 43 43 58
73 73 73 73 73 73 73 73
43 43 43 43 77 9 7 22
22 22 22 22 22 22 22 22
22 22 22 22 22 22 22 22
22 22 22 22 22 62 43 43
43 43 43 43 43 43 43 43
43 43 43 43 43 43 43 44
9 7 22 22 22 22 22 22
22 22 22 22 22 22 22 22
22 22 22 22 22 22 22 22
22 84 58 28 43 43 43 43
43 43 43 43 43 43 28 28
28 84 9 7 22 22 22 22
22 22 22 22 22 22 22 22
22 22 22 22 22 22 22 22
22 22 22 22 22 U 22 22 61
22 22 22 22 22 22 22 22
31 9 7 22 22 22 22 22
22 22 L 22 22 22 22 22 22
22 22 22 22 22 22 43 43
43 43 43 43 43 43 31 22
22 22 22 22 22 22 69 58
43 43 43 43 43 43 9 7
22 22 22 22 22 22 22 22
22 22 22 22 22 22 22 22
22 22 22 43 43 43 43 43
43 43 43 77 22 22 22 22
22 22 30 58 43 43 43 43
43 43 43 9 7 22 22 22
22 22 22 22 22 22 22 22
22 22 22 22 22 22 22 22
43 43 43 43 43 43 43 43
43 58 31 22 22 22 69 43
43 43 43 43 43 43 43 54
9 7 22 22 22 22 22 22
22 22 22 22 22 22 22 22
22 22 22 22 22 22 43 43
43 43 43 43 43 43 43 43
77 30 58 43 43 43 43 43
43 43 43 43 61 9 7 22
22 22 22 22 T 22 22 22 22
22 22 22 22 22 22 22 22
22 22 22 43 43 43 43 43
43 43 43 43 43 43 43 43
43 43 43 43 43 43 43 43
61 9 7 22 22 22 22 22
22 22 22 22 22 22 22 22
22 22 22 22 22 22 22 43
43 43 43 43 43 43 43 43
43 43 43 43 43 43 43 43
43 O 43 43 43 61 22 22 S 22
